# Goxel 0.8.0
# One line per voxel
# X Y Z RRGGBB
-18 0 0 df7126
-32 1 0 df7126
-31 1 0 df7126
-30 1 0 df7126
-18 1 0 df7126
-30 2 0 df7126
-18 2 0 df7126
-30 3 0 df7126
-18 3 0 df7126
-30 4 0 df7126
-18 4 0 df7126
-30 5 0 df7126
-18 5 0 df7126
-30 6 0 df7126
-18 6 0 df7126
-30 7 0 df7126
-18 7 0 df7126
-30 8 0 df7126
-18 8 0 df7126
-30 9 0 df7126
-29 9 0 df7126
-28 9 0 df7126
-27 9 0 df7126
-26 9 0 df7126
-25 9 0 df7126
-24 9 0 df7126
-23 9 0 df7126
-22 9 0 df7126
-21 9 0 df7126
-20 9 0 df7126
-19 9 0 df7126
-18 9 0 df7126
-17 9 0 df7126
-30 10 0 df7126
-30 11 0 df7126
-30 12 0 df7126
-30 13 0 df7126
-30 14 0 df7126
-30 15 0 df7126
-6 0 0 df7126
-1 0 0 df7126
-6 1 0 df7126
-1 1 0 df7126
-6 2 0 df7126
-1 2 0 df7126
-6 3 0 df7126
-1 3 0 df7126
-6 4 0 df7126
-1 4 0 df7126
-6 5 0 df7126
-1 5 0 df7126
-6 6 0 df7126
-1 6 0 df7126
-6 7 0 df7126
-1 7 0 df7126
-6 8 0 df7126
-1 8 0 df7126
-16 9 0 df7126
-15 9 0 df7126
-14 9 0 df7126
-13 9 0 df7126
-12 9 0 df7126
-11 9 0 df7126
-10 9 0 df7126
-9 9 0 df7126
-8 9 0 df7126
-7 9 0 df7126
-6 9 0 df7126
-5 9 0 df7126
-4 9 0 df7126
-3 9 0 df7126
-2 9 0 df7126
-1 9 0 df7126
-11 10 0 df7126
-6 10 0 df7126
-11 11 0 df7126
-6 11 0 df7126
-11 12 0 df7126
-6 12 0 df7126
-11 13 0 df7126
-10 13 0 df7126
-9 13 0 df7126
-6 13 0 df7126
-9 14 0 df7126
-9 15 0 df7126
-32 -16 0 6abe30
-31 -16 0 6abe30
-30 -16 0 6abe30
-29 -16 0 6abe30
-28 -16 0 6abe30
-27 -16 0 6abe30
-26 -16 0 6abe30
-25 -1 0 df7126
-24 -1 0 df7126
-23 -1 0 df7126
-22 -1 0 df7126
-21 -1 0 df7126
-20 -1 0 df7126
-19 -1 0 df7126
-18 -1 0 df7126
-17 -1 0 df7126
-1 -4 0 df7126
-1 -3 0 df7126
-1 -2 0 df7126
-16 -1 0 df7126
-15 -1 0 df7126
-14 -1 0 df7126
-13 -1 0 df7126
-12 -1 0 df7126
-11 -1 0 df7126
-6 -1 0 df7126
-1 -1 0 df7126
0 -4 0 df7126
1 -4 0 df7126
2 -4 0 df7126
3 -4 0 df7126
4 -4 0 df7126
5 -4 0 df7126
6 -4 0 df7126
7 -4 0 df7126
8 -4 0 df7126
9 -4 0 df7126
10 -4 0 df7126
11 -4 0 df7126
12 -4 0 df7126
13 -4 0 df7126
14 -4 0 df7126
15 -4 0 df7126
4 -3 0 df7126
7 -3 0 df7126
14 -3 0 df7126
4 -2 0 df7126
7 -2 0 df7126
14 -2 0 df7126
4 -1 0 df7126
7 -1 0 df7126
14 -1 0 df7126
16 -4 0 df7126
17 -4 0 df7126
18 -4 0 df7126
19 -4 0 df7126
20 -4 0 df7126
21 -4 0 df7126
22 -4 0 df7126
23 -4 0 df7126
24 -4 0 df7126
25 -4 0 df7126
26 -4 0 df7126
27 -4 0 df7126
28 -4 0 df7126
29 -4 0 df7126
30 -4 0 df7126
31 -4 0 df7126
22 -3 0 df7126
30 -3 0 df7126
22 -2 0 df7126
30 -2 0 df7126
22 -1 0 df7126
30 -1 0 df7126
32 -4 0 df7126
33 -4 0 df7126
34 -4 0 df7126
35 -4 0 df7126
36 -4 0 df7126
37 -4 0 df7126
38 -4 0 df7126
39 -4 0 df7126
40 -4 0 df7126
41 -4 0 df7126
42 -4 0 df7126
43 -4 0 df7126
37 -3 0 df7126
43 -3 0 df7126
37 -2 0 df7126
43 -2 0 df7126
37 -1 0 df7126
43 -1 0 df7126
37 0 0 df7126
43 0 0 df7126
37 1 0 df7126
43 1 0 df7126
37 2 0 df7126
43 2 0 df7126
37 3 0 df7126
43 3 0 df7126
37 4 0 df7126
43 4 0 df7126
37 5 0 df7126
43 5 0 df7126
32 6 0 df7126
33 6 0 df7126
34 6 0 df7126
35 6 0 df7126
36 6 0 df7126
37 6 0 df7126
38 6 0 df7126
39 6 0 df7126
40 6 0 df7126
41 6 0 df7126
42 6 0 df7126
43 6 0 df7126
34 7 0 df7126
40 7 0 df7126
34 8 0 df7126
40 8 0 df7126
34 9 0 df7126
40 9 0 df7126
34 10 0 df7126
40 10 0 c98b00
41 10 0 6abe30
42 10 0 6abe30
43 10 0 6abe30
44 10 0 6abe30
45 10 0 6abe30
46 10 0 6abe30
47 10 0 6abe30
4 0 0 df7126
7 0 0 df7126
14 0 0 df7126
4 1 0 df7126
7 1 0 df7126
14 1 0 df7126
4 2 0 df7126
7 2 0 df7126
14 2 0 df7126
4 3 0 df7126
7 3 0 df7126
14 3 0 df7126
4 4 0 df7126
7 4 0 df7126
14 4 0 df7126
4 5 0 df7126
7 5 0 df7126
14 5 0 df7126
0 6 0 df7126
1 6 0 df7126
2 6 0 df7126
3 6 0 df7126
4 6 0 df7126
5 6 0 df7126
6 6 0 df7126
7 6 0 df7126
8 6 0 df7126
9 6 0 df7126
10 6 0 df7126
11 6 0 df7126
12 6 0 df7126
13 6 0 df7126
14 6 0 df7126
15 6 0 df7126
2 7 0 df7126
8 7 0 df7126
13 7 0 df7126
2 8 0 df7126
8 8 0 df7126
13 8 0 df7126
2 9 0 df7126
8 9 0 df7126
13 9 0 df7126
2 10 0 df7126
8 10 0 df7126
13 10 0 df7126
0 15 0 df7126
22 0 0 df7126
30 0 0 df7126
22 1 0 df7126
30 1 0 df7126
22 2 0 df7126
30 2 0 df7126
22 3 0 df7126
30 3 0 df7126
22 4 0 df7126
30 4 0 df7126
22 5 0 df7126
30 5 0 df7126
16 6 0 df7126
17 6 0 df7126
18 6 0 df7126
19 6 0 df7126
20 6 0 df7126
21 6 0 df7126
22 6 0 df7126
23 6 0 df7126
24 6 0 df7126
25 6 0 df7126
26 6 0 df7126
27 6 0 df7126
28 6 0 df7126
29 6 0 df7126
30 6 0 df7126
31 6 0 df7126
20 7 0 df7126
28 7 0 df7126
20 8 0 df7126
28 8 0 df7126
20 9 0 df7126
28 9 0 df7126
20 10 0 df7126
28 10 0 df7126
-9 16 0 df7126
-9 17 0 df7126
-9 18 0 df7126
-9 19 0 df7126
-9 20 0 df7126
-9 21 0 df7126
-9 22 0 df7126
-13 23 0 df7126
-12 23 0 df7126
-11 23 0 df7126
-10 23 0 df7126
-9 23 0 df7126
-9 24 0 df7126
-9 25 0 df7126
-9 26 0 df7126
-4 26 0 df7126
-3 26 0 df7126
-2 26 0 df7126
-1 26 0 df7126
-9 27 0 df7126
-4 27 0 df7126
-9 28 0 df7126
-4 28 0 df7126
-13 29 0 df7126
-12 29 0 df7126
-11 29 0 df7126
-10 29 0 df7126
-9 29 0 df7126
-8 29 0 df7126
-7 29 0 df7126
-6 29 0 df7126
-5 29 0 df7126
-4 29 0 df7126
-9 30 0 df7126
-9 31 0 df7126
-5 37 0 df7126
-4 37 0 df7126
-3 37 0 df7126
-2 37 0 df7126
-1 37 0 df7126
-16 44 0 6abe30
-15 44 0 6abe30
-14 44 0 6abe30
-13 44 0 6abe30
-12 44 0 6abe30
-11 44 0 6abe30
-10 44 0 6abe30
-9 44 0 6abe30
-8 44 0 6abe30
-7 44 0 6abe30
-6 44 0 6abe30
-5 44 0 6abe30
-4 44 0 6abe30
-3 44 0 6abe30
-2 44 0 6abe30
-1 44 0 6abe30
-30 32 0 df7126
-30 33 0 df7126
-30 34 0 df7126
-30 35 0 df7126
-30 36 0 df7126
-30 37 0 df7126
-32 44 0 6abe30
-31 44 0 6abe30
-30 44 0 6abe30
-29 44 0 6abe30
-28 44 0 6abe30
-27 44 0 6abe30
-26 44 0 6abe30
-25 44 0 6abe30
-24 44 0 6abe30
-23 44 0 6abe30
-22 44 0 6abe30
-21 44 0 6abe30
-20 44 0 6abe30
-19 44 0 6abe30
-18 44 0 6abe30
-17 44 0 6abe30
-30 16 0 df7126
-30 17 0 df7126
-30 18 0 df7126
-22 18 0 df7126
-30 19 0 df7126
-22 19 0 df7126
-30 20 0 df7126
-22 20 0 df7126
-30 21 0 df7126
-22 21 0 df7126
-30 22 0 df7126
-22 22 0 df7126
-32 23 0 6abe30
-31 23 0 df7126
-30 23 0 df7126
-29 23 0 df7126
-28 23 0 df7126
-27 23 0 df7126
-26 23 0 df7126
-25 23 0 df7126
-24 23 0 df7126
-23 23 0 df7126
-22 23 0 df7126
-30 24 0 df7126
-22 24 0 df7126
-30 25 0 df7126
-22 25 0 df7126
-30 26 0 df7126
-22 26 0 df7126
-30 27 0 df7126
-22 27 0 df7126
-30 28 0 df7126
-22 28 0 df7126
-30 29 0 df7126
-22 29 0 df7126
-32 30 0 df7126
-31 30 0 df7126
-30 30 0 df7126
-30 31 0 df7126
0 16 0 df7126
10 16 0 6abe30
0 17 0 df7126
1 17 0 df7126
2 17 0 df7126
3 17 0 df7126
4 17 0 df7126
10 17 0 6abe30
0 18 0 df7126
10 18 0 6abe30
0 19 0 df7126
10 19 0 6abe30
0 20 0 df7126
10 20 0 6abe30
0 21 0 df7126
10 21 0 6abe30
0 22 0 df7126
10 22 0 6abe30
0 23 0 df7126
10 23 0 6abe30
0 24 0 df7126
10 24 0 6abe30
0 25 0 df7126
10 25 0 6abe30
0 26 0 df7126
10 26 0 6abe30
11 26 0 6abe30
12 26 0 6abe30
13 26 0 6abe30
14 26 0 6abe30
15 26 0 6abe30
0 27 0 df7126
1 27 0 df7126
2 27 0 df7126
3 27 0 df7126
4 27 0 df7126
10 27 0 6abe30
10 28 0 6abe30
10 29 0 6abe30
10 30 0 6abe30
10 31 0 6abe30
10 32 0 6abe30
10 33 0 6abe30
1 34 0 df7126
2 34 0 6abe30
3 34 0 6abe30
4 34 0 6abe30
5 34 0 6abe30
6 34 0 6abe30
7 34 0 6abe30
8 34 0 6abe30
9 34 0 6abe30
10 34 0 6abe30
1 35 0 df7126
10 35 0 6abe30
1 36 0 df7126
10 36 0 6abe30
0 37 0 df7126
1 37 0 df7126
2 37 0 df7126
3 37 0 df7126
4 37 0 df7126
5 37 0 df7126
6 37 0 df7126
10 37 0 6abe30
10 38 0 6abe30
10 39 0 6abe30
10 40 0 6abe30
10 41 0 6abe30
10 42 0 6abe30
10 43 0 6abe30
0 44 0 6abe30
1 44 0 6abe30
2 44 0 6abe30
3 44 0 6abe30
4 44 0 6abe30
5 44 0 6abe30
6 44 0 6abe30
7 44 0 6abe30
8 44 0 6abe30
9 44 0 6abe30
10 44 0 6abe30
-41 0 0 df7126
-33 0 0 df7126
-48 1 0 df7126
-47 1 0 df7126
-46 1 0 df7126
-45 1 0 df7126
-44 1 0 df7126
-43 1 0 df7126
-42 1 0 df7126
-41 1 0 df7126
-40 1 0 df7126
-39 1 0 df7126
-38 1 0 df7126
-37 1 0 df7126
-36 1 0 df7126
-35 1 0 df7126
-34 1 0 df7126
-33 1 0 df7126
-39 -16 0 6abe30
-38 -16 0 6abe30
-37 -16 0 6abe30
-36 -16 0 6abe30
-35 -16 0 6abe30
-34 -16 0 6abe30
-33 -16 0 6abe30
-33 -15 0 6abe30
-33 -14 0 6abe30
-33 -13 0 6abe30
-33 -12 0 6abe30
-33 -11 0 6abe30
-33 -10 0 6abe30
-33 -9 0 df7126
-33 -8 0 df7126
-33 -7 0 df7126
-33 -6 0 df7126
-33 -5 0 df7126
-33 -4 0 df7126
-33 -3 0 df7126
-41 -2 0 df7126
-33 -2 0 df7126
-41 -1 0 df7126
-33 -1 0 df7126
-58 0 0 df7126
-58 1 0 df7126
-50 1 0 df7126
-49 1 0 df7126
-58 2 0 df7126
-50 2 0 df7126
-58 3 0 df7126
-50 3 0 df7126
-58 4 0 df7126
-50 4 0 df7126
-58 5 0 df7126
-50 5 0 df7126
-64 6 0 df7126
-63 6 0 df7126
-62 6 0 df7126
-61 6 0 df7126
-60 6 0 df7126
-59 6 0 df7126
-58 6 0 df7126
-57 6 0 df7126
-56 6 0 df7126
-55 6 0 df7126
-54 6 0 df7126
-53 6 0 df7126
-52 6 0 df7126
-51 6 0 df7126
-50 6 0 df7126
-73 0 0 df7126
-69 0 0 df7126
-73 1 0 df7126
-69 1 0 df7126
-73 2 0 df7126
-69 2 0 df7126
-73 3 0 df7126
-69 3 0 df7126
-73 4 0 df7126
-69 4 0 df7126
-73 5 0 df7126
-69 5 0 df7126
-73 6 0 df7126
-72 6 0 df7126
-71 6 0 df7126
-70 6 0 df7126
-69 6 0 df7126
-68 6 0 df7126
-67 6 0 df7126
-66 6 0 df7126
-65 6 0 df7126
-73 7 0 df7126
-73 8 0 df7126
-73 9 0 8f563b
-80 10 0 6abe30
-79 10 0 6abe30
-78 10 0 6abe30
-77 10 0 6abe30
-76 10 0 6abe30
-75 10 0 6abe30
-74 10 0 6abe30
-73 10 0 6abe30
-69 -4 0 df7126
-68 -4 0 df7126
-67 -4 0 df7126
-66 -4 0 df7126
-65 -4 0 df7126
-73 -3 0 df7126
-69 -3 0 df7126
-73 -2 0 df7126
-69 -2 0 df7126
-73 -1 0 df7126
-69 -1 0 df7126
-64 -4 0 df7126
-63 -4 0 df7126
-62 -4 0 df7126
-61 -4 0 df7126
-60 -4 0 df7126
-59 -4 0 df7126
-58 -4 0 df7126
-58 -3 0 df7126
-58 -2 0 df7126
-58 -1 0 df7126
-44 23 0 6abe30
-43 23 0 6abe30
-42 23 0 6abe30
-41 23 0 6abe30
-40 23 0 6abe30
-39 23 0 6abe30
-38 23 0 6abe30
-37 23 0 6abe30
-36 23 0 6abe30
-35 23 0 6abe30
-34 23 0 6abe30
-33 23 0 6abe30
-44 24 0 6abe30
-44 25 0 6abe30
-44 26 0 6abe30
-44 27 0 6abe30
-44 28 0 6abe30
-44 29 0 6abe30
-44 30 0 6abe30
-33 30 0 df7126
-44 31 0 6abe30
-48 -25 0 6abe30
-47 -25 0 6abe30
-46 -25 0 6abe30
-45 -25 0 6abe30
-44 -25 0 6abe30
-43 -25 0 6abe30
-42 -25 0 6abe30
-41 -25 0 6abe30
-40 -25 0 6abe30
-39 -25 0 6abe30
-38 -25 0 6abe30
-37 -25 0 6abe30
-36 -25 0 6abe30
-35 -25 0 6abe30
-34 -25 0 6abe30
-33 -25 0 6abe30
-39 -24 0 6abe30
-39 -23 0 6abe30
-39 -22 0 6abe30
-39 -21 0 6abe30
-39 -20 0 6abe30
-39 -19 0 6abe30
-39 -18 0 6abe30
-39 -17 0 6abe30
-32 -25 0 6abe30
-31 -25 0 6abe30
-30 -25 0 6abe30
-29 -25 0 6abe30
-28 -25 0 6abe30
-27 -25 0 6abe30
-26 -25 0 6abe30
-25 -25 0 6abe30
-24 -25 0 6abe30
-23 -25 0 6abe30
-22 -25 0 6abe30
-21 -25 0 6abe30
-20 -25 0 6abe30
-19 -25 0 6abe30
-18 -25 0 6abe30
-17 -25 0 6abe30
-26 -24 0 6abe30
-26 -23 0 6abe30
-26 -22 0 6abe30
-26 -21 0 6abe30
-26 -20 0 6abe30
-26 -19 0 6abe30
-26 -18 0 6abe30
-26 -17 0 6abe30
-16 -25 0 6abe30
-15 -25 0 6abe30
-14 -25 0 6abe30
-13 -25 0 6abe30
-12 -25 0 6abe30
-11 -25 0 6abe30
-10 -25 0 6abe30
-9 -25 0 6abe30
-8 -25 0 6abe30
-7 -25 0 6abe30
-6 -25 0 6abe30
-5 -25 0 6abe30
-4 -25 0 6abe30
-3 -25 0 6abe30
-2 -25 0 6abe30
-1 -25 0 6abe30
0 -25 0 6abe30
1 -25 0 6abe30
2 -25 0 6abe30
3 -25 0 6abe30
4 -25 0 6abe30
5 -25 0 6abe30
6 -25 0 6abe30
7 -25 0 6abe30
8 -25 0 6abe30
9 -25 0 6abe30
10 -25 0 6abe30
11 -25 0 6abe30
12 -25 0 6abe30
13 -25 0 6abe30
14 -25 0 6abe30
15 -25 0 6abe30
16 -25 0 6abe30
17 -25 0 6abe30
18 -25 0 6abe30
19 -25 0 6abe30
20 -25 0 6abe30
21 -25 0 6abe30
22 -25 0 6abe30
23 -25 0 6abe30
24 -25 0 6abe30
25 -25 0 6abe30
26 -25 0 6abe30
27 -25 0 6abe30
28 -25 0 6abe30
29 -25 0 6abe30
30 -25 0 6abe30
31 -25 0 6abe30
32 -25 0 6abe30
33 -25 0 6abe30
34 -25 0 6abe30
35 -25 0 6abe30
36 -25 0 6abe30
37 -25 0 6abe30
38 -25 0 6abe30
39 -25 0 6abe30
40 -25 0 6abe30
41 -25 0 6abe30
42 -25 0 6abe30
43 -25 0 6abe30
44 -25 0 6abe30
45 -25 0 6abe30
46 -25 0 6abe30
47 -25 0 6abe30
55 -32 0 6abe30
55 -31 0 6abe30
55 -30 0 6abe30
55 -29 0 6abe30
55 -28 0 6abe30
55 -27 0 6abe30
55 -26 0 6abe30
48 -25 0 6abe30
49 -25 0 6abe30
50 -25 0 6abe30
51 -25 0 6abe30
52 -25 0 6abe30
53 -25 0 6abe30
54 -25 0 6abe30
55 -25 0 6abe30
55 -24 0 6abe30
55 -23 0 6abe30
55 -22 0 6abe30
55 -21 0 6abe30
55 -20 0 6abe30
55 -19 0 6abe30
55 -18 0 6abe30
55 -17 0 6abe30
55 -16 0 6abe30
55 -15 0 6abe30
55 -14 0 6abe30
55 -13 0 6abe30
55 -12 0 6abe30
55 -11 0 6abe30
55 -10 0 6abe30
55 -9 0 6abe30
55 -8 0 6abe30
55 -7 0 6abe30
55 -6 0 6abe30
55 -5 0 6abe30
55 -4 0 6abe30
55 -3 0 6abe30
55 -2 0 6abe30
55 -1 0 6abe30
55 0 0 6abe30
55 1 0 6abe30
55 2 0 6abe30
55 3 0 6abe30
55 4 0 6abe30
55 5 0 6abe30
55 6 0 6abe30
55 7 0 6abe30
55 8 0 6abe30
55 9 0 6abe30
48 10 0 6abe30
49 10 0 6abe30
50 10 0 6abe30
51 10 0 6abe30
52 10 0 6abe30
53 10 0 6abe30
54 10 0 6abe30
55 10 0 6abe30
55 11 0 6abe30
55 12 0 6abe30
55 13 0 6abe30
55 14 0 6abe30
55 15 0 6abe30
-81 -32 0 6abe30
-81 -31 0 6abe30
-81 -30 0 6abe30
-81 -29 0 6abe30
-81 -28 0 6abe30
-81 -27 0 6abe30
-81 -26 0 6abe30
-83 -25 0 6abe30
-82 -25 0 6abe30
-81 -25 0 6abe30
-83 -24 0 6abe30
-83 -23 0 6abe30
-83 -22 0 6abe30
-83 -21 0 6abe30
-83 -20 0 6abe30
-83 -19 0 6abe30
-83 -18 0 6abe30
-83 -17 0 6abe30
-80 -25 0 6abe30
-79 -25 0 6abe30
-78 -25 0 6abe30
-77 -25 0 6abe30
-76 -25 0 6abe30
-75 -25 0 6abe30
-74 -25 0 6abe30
-73 -25 0 6abe30
-72 -25 0 6abe30
-71 -25 0 6abe30
-70 -25 0 6abe30
-69 -25 0 6abe30
-68 -25 0 6abe30
-67 -25 0 6abe30
-66 -25 0 6abe30
-65 -25 0 6abe30
-58 -32 0 6abe30
-58 -31 0 6abe30
-58 -30 0 6abe30
-58 -29 0 6abe30
-58 -28 0 6abe30
-58 -27 0 6abe30
-58 -26 0 6abe30
-64 -25 0 6abe30
-63 -25 0 6abe30
-62 -25 0 6abe30
-61 -25 0 6abe30
-60 -25 0 6abe30
-59 -25 0 6abe30
-58 -25 0 6abe30
-57 -25 0 6abe30
-56 -25 0 6abe30
-55 -25 0 6abe30
-54 -25 0 6abe30
-53 -25 0 6abe30
-52 -25 0 6abe30
-51 -25 0 6abe30
-50 -25 0 6abe30
-49 -25 0 6abe30
-81 -75 0 6abe30
-81 -74 0 6abe30
-81 -73 0 6abe30
-81 -72 0 6abe30
-81 -71 0 6abe30
-81 -70 0 6abe30
-81 -69 0 6abe30
-81 -68 0 6abe30
-81 -67 0 6abe30
-81 -66 0 6abe30
-81 -65 0 6abe30
-81 -64 0 6abe30
-81 -63 0 6abe30
-81 -62 0 6abe30
-81 -61 0 6abe30
-81 -60 0 6abe30
-81 -59 0 6abe30
-81 -58 0 6abe30
-81 -57 0 6abe30
-81 -56 0 6abe30
-81 -55 0 6abe30
-81 -54 0 6abe30
-81 -53 0 6abe30
-81 -52 0 6abe30
-81 -51 0 6abe30
-81 -50 0 6abe30
-81 -49 0 6abe30
-81 -48 0 6abe30
-81 -47 0 6abe30
-81 -46 0 6abe30
-81 -45 0 6abe30
-81 -44 0 6abe30
-81 -43 0 6abe30
-81 -42 0 6abe30
-81 -41 0 6abe30
-81 -40 0 6abe30
-81 -39 0 6abe30
-81 -38 0 6abe30
-81 -37 0 6abe30
-81 -36 0 6abe30
-81 -35 0 6abe30
-81 -34 0 6abe30
-81 -33 0 6abe30
-80 -75 0 6abe30
-79 -75 0 6abe30
-78 -75 0 6abe30
-77 -75 0 6abe30
-76 -75 0 6abe30
-75 -75 0 6abe30
-74 -75 0 6abe30
-73 -75 0 6abe30
-72 -75 0 6abe30
-71 -75 0 6abe30
-70 -75 0 6abe30
-69 -75 0 6abe30
-68 -75 0 6abe30
-67 -75 0 6abe30
-66 -75 0 6abe30
-65 -75 0 6abe30
-64 -75 0 6abe30
-63 -75 0 6abe30
-62 -75 0 6abe30
-61 -75 0 6abe30
-60 -75 0 6abe30
-59 -75 0 6abe30
-58 -75 0 6abe30
-57 -75 0 6abe30
-56 -75 0 6abe30
-55 -75 0 6abe30
-54 -75 0 6abe30
-53 -75 0 6abe30
-52 -75 0 6abe30
-51 -75 0 6abe30
-50 -75 0 6abe30
-49 -75 0 6abe30
-58 -74 0 6abe30
-58 -73 0 6abe30
-58 -72 0 6abe30
-58 -71 0 6abe30
-58 -70 0 6abe30
-58 -69 0 6abe30
-58 -68 0 6abe30
-58 -67 0 6abe30
-58 -66 0 6abe30
-58 -65 0 6abe30
-48 -75 0 6abe30
-47 -75 0 6abe30
-46 -75 0 6abe30
-45 -75 0 6abe30
-44 -75 0 6abe30
-43 -75 0 6abe30
-42 -75 0 6abe30
-41 -75 0 6abe30
-40 -75 0 6abe30
-39 -75 0 6abe30
-38 -75 0 6abe30
-37 -75 0 6abe30
-36 -75 0 6abe30
-35 -75 0 6abe30
-34 -75 0 6abe30
-33 -75 0 6abe30
-58 -64 0 6abe30
-58 -63 0 6abe30
-58 -62 0 6abe30
-58 -61 0 6abe30
-58 -60 0 6abe30
-58 -59 0 6abe30
-58 -58 0 6abe30
-58 -57 0 6abe30
-58 -56 0 6abe30
-58 -55 0 6abe30
-58 -54 0 6abe30
-58 -53 0 6abe30
-58 -52 0 6abe30
-58 -51 0 6abe30
-58 -50 0 6abe30
-58 -49 0 6abe30
-58 -48 0 6abe30
-58 -47 0 6abe30
-58 -46 0 6abe30
-58 -45 0 6abe30
-58 -44 0 6abe30
-58 -43 0 6abe30
-58 -42 0 6abe30
-58 -41 0 6abe30
-58 -40 0 6abe30
-58 -39 0 6abe30
-58 -38 0 6abe30
-58 -37 0 6abe30
-58 -36 0 6abe30
-58 -35 0 6abe30
-58 -34 0 6abe30
-58 -33 0 6abe30
-32 -75 0 6abe30
-31 -75 0 6abe30
-30 -75 0 6abe30
-29 -75 0 6abe30
-28 -75 0 6abe30
-27 -75 0 6abe30
-26 -75 0 6abe30
-25 -75 0 6abe30
-24 -75 0 6abe30
-23 -75 0 6abe30
-22 -75 0 6abe30
-21 -75 0 6abe30
-20 -75 0 6abe30
-19 -75 0 6abe30
-18 -75 0 6abe30
-17 -75 0 6abe30
-16 -75 0 6abe30
-15 -75 0 6abe30
-14 -75 0 6abe30
-13 -75 0 6abe30
-12 -75 0 6abe30
-11 -75 0 6abe30
-10 -75 0 6abe30
-9 -75 0 6abe30
-8 -75 0 6abe30
-7 -75 0 6abe30
-6 -75 0 6abe30
-5 -75 0 6abe30
-4 -75 0 6abe30
-3 -75 0 6abe30
-2 -75 0 6abe30
-1 -75 0 6abe30
0 -75 0 6abe30
1 -75 0 6abe30
2 -75 0 6abe30
3 -75 0 6abe30
4 -75 0 6abe30
5 -75 0 6abe30
6 -75 0 6abe30
6 -74 0 6abe30
6 -73 0 6abe30
6 -72 0 6abe30
6 -71 0 6abe30
6 -70 0 6abe30
6 -69 0 6abe30
6 -68 0 6abe30
6 -67 0 6abe30
6 -66 0 6abe30
6 -65 0 6abe30
6 -64 0 6abe30
6 -63 0 6abe30
6 -62 0 6abe30
6 -61 0 6abe30
6 -60 0 6abe30
6 -59 0 6abe30
6 -58 0 6abe30
6 -57 0 6abe30
6 -56 0 6abe30
6 -55 0 6abe30
6 -54 0 6abe30
6 -53 0 6abe30
6 -52 0 6abe30
6 -51 0 6abe30
6 -50 0 6abe30
6 -49 0 6abe30
6 -48 0 6abe30
6 -47 0 6abe30
7 -47 0 6abe30
8 -47 0 6abe30
9 -47 0 6abe30
10 -47 0 6abe30
11 -47 0 6abe30
12 -47 0 6abe30
13 -47 0 6abe30
14 -47 0 6abe30
15 -47 0 6abe30
16 -47 0 6abe30
17 -47 0 6abe30
18 -47 0 6abe30
19 -47 0 6abe30
20 -47 0 6abe30
21 -47 0 6abe30
22 -47 0 6abe30
23 -47 0 6abe30
24 -47 0 6abe30
25 -47 0 6abe30
26 -47 0 6abe30
27 -47 0 6abe30
28 -47 0 6abe30
29 -47 0 6abe30
30 -47 0 6abe30
31 -47 0 6abe30
32 -47 0 6abe30
33 -47 0 6abe30
34 -47 0 6abe30
35 -47 0 6abe30
36 -47 0 6abe30
37 -47 0 6abe30
38 -47 0 6abe30
39 -47 0 6abe30
40 -47 0 6abe30
41 -47 0 6abe30
42 -47 0 6abe30
43 -47 0 6abe30
44 -47 0 6abe30
45 -47 0 6abe30
46 -47 0 6abe30
47 -47 0 6abe30
48 -47 0 6abe30
49 -47 0 6abe30
50 -47 0 6abe30
51 -47 0 6abe30
52 -47 0 6abe30
53 -47 0 6abe30
54 -47 0 6abe30
55 -47 0 6abe30
55 -46 0 6abe30
55 -45 0 6abe30
55 -44 0 6abe30
55 -43 0 6abe30
55 -42 0 6abe30
55 -41 0 6abe30
55 -40 0 6abe30
55 -39 0 6abe30
55 -38 0 6abe30
55 -37 0 6abe30
55 -36 0 6abe30
55 -35 0 6abe30
55 -34 0 6abe30
55 -33 0 6abe30
55 16 0 6abe30
55 17 0 6abe30
55 18 0 6abe30
55 19 0 6abe30
55 20 0 6abe30
55 21 0 6abe30
55 22 0 6abe30
55 23 0 6abe30
55 24 0 6abe30
55 25 0 6abe30
48 26 0 6abe30
49 26 0 6abe30
50 26 0 6abe30
51 26 0 6abe30
52 26 0 6abe30
53 26 0 6abe30
54 26 0 6abe30
55 26 0 6abe30
16 26 0 6abe30
17 26 0 6abe30
18 26 0 6abe30
19 26 0 6abe30
20 26 0 6abe30
21 26 0 6abe30
22 26 0 6abe30
23 26 0 6abe30
24 26 0 6abe30
25 26 0 6abe30
26 26 0 6abe30
27 26 0 6abe30
28 26 0 6abe30
29 26 0 6abe30
30 26 0 6abe30
31 26 0 6abe30
32 26 0 6abe30
33 26 0 6abe30
34 26 0 6abe30
35 26 0 6abe30
36 26 0 6abe30
37 26 0 6abe30
38 26 0 6abe30
39 26 0 6abe30
40 26 0 6abe30
41 26 0 6abe30
42 26 0 6abe30
43 26 0 6abe30
44 26 0 6abe30
45 26 0 6abe30
46 26 0 6abe30
47 26 0 6abe30
-48 32 0 6abe30
-47 32 0 6abe30
-46 32 0 6abe30
-45 32 0 6abe30
-44 32 0 6abe30
-44 33 0 6abe30
-44 34 0 6abe30
-44 35 0 6abe30
-44 36 0 6abe30
-44 37 0 6abe30
-44 38 0 6abe30
-44 39 0 6abe30
-44 40 0 6abe30
-44 41 0 6abe30
-44 42 0 6abe30
-44 43 0 6abe30
-44 44 0 6abe30
-43 44 0 6abe30
-42 44 0 6abe30
-41 44 0 6abe30
-40 44 0 6abe30
-39 44 0 6abe30
-38 44 0 6abe30
-37 44 0 6abe30
-36 44 0 6abe30
-35 44 0 6abe30
-34 44 0 6abe30
-33 44 0 6abe30
-83 32 0 6abe30
-82 32 0 6abe30
-81 32 0 6abe30
-80 32 0 6abe30
-79 32 0 6abe30
-78 32 0 6abe30
-77 32 0 6abe30
-76 32 0 6abe30
-75 32 0 6abe30
-74 32 0 6abe30
-73 32 0 6abe30
-72 32 0 6abe30
-71 32 0 6abe30
-70 32 0 6abe30
-69 32 0 6abe30
-68 32 0 6abe30
-67 32 0 6abe30
-66 32 0 6abe30
-65 32 0 6abe30
-64 32 0 6abe30
-63 32 0 6abe30
-62 32 0 6abe30
-61 32 0 6abe30
-60 32 0 6abe30
-59 32 0 6abe30
-58 32 0 6abe30
-57 32 0 6abe30
-56 32 0 6abe30
-55 32 0 6abe30
-54 32 0 6abe30
-53 32 0 6abe30
-52 32 0 6abe30
-51 32 0 6abe30
-50 32 0 6abe30
-49 32 0 6abe30
-83 -16 0 6abe30
-83 -15 0 6abe30
-83 -14 0 6abe30
-83 -13 0 6abe30
-83 -12 0 6abe30
-83 -11 0 6abe30
-83 -10 0 6abe30
-83 -9 0 6abe30
-83 -8 0 6abe30
-83 -7 0 6abe30
-83 -6 0 6abe30
-83 -5 0 6abe30
-83 -4 0 6abe30
-83 -3 0 6abe30
-83 -2 0 6abe30
-83 -1 0 6abe30
-83 0 0 6abe30
-83 1 0 6abe30
-83 2 0 6abe30
-83 3 0 6abe30
-83 4 0 6abe30
-83 5 0 6abe30
-83 6 0 6abe30
-83 7 0 6abe30
-83 8 0 6abe30
-83 9 0 6abe30
-83 10 0 6abe30
-82 10 0 6abe30
-81 10 0 6abe30
-83 11 0 6abe30
-83 12 0 6abe30
-83 13 0 6abe30
-83 14 0 6abe30
-83 15 0 6abe30
-83 16 0 6abe30
-83 17 0 6abe30
-83 18 0 6abe30
-83 19 0 6abe30
-83 20 0 6abe30
-83 21 0 6abe30
-83 22 0 6abe30
-83 23 0 6abe30
-83 24 0 6abe30
-83 25 0 6abe30
-83 26 0 6abe30
-83 27 0 6abe30
-83 28 0 6abe30
-83 29 0 6abe30
-83 30 0 6abe30
-83 31 0 6abe30
